0 37
0 33
0 9
0 54
0 33
0 22
0 75
0 89
0 8
0 41
0 1
0 12
0 82
1 17
1 9
1 72
1 87
1 90
1 9
1 4
1 33
1 13
2 89
2 67
2 2
2 85
2 9
2 33
2 43
2 77
2 10
2 16
2 89
2 72
2 18
2 33
2 89
2 55
2 9
2 20
3 33
3 64
3 6
3 71
3 46
3 24
3 40
3 12
4 14
4 48
4 15
4 24
4 22
4 56
4 24
4 40
4 82
4 9
5 89
5 37
5 86
5 94
5 33
5 9
5 49
6 96
6 36
6 16
6 71
6 33
6 16
6 69
7 0
7 67
7 8
7 33
7 37
7 5
7 95
7 85
7 90
7 16
7 56
7 29
7 62
7 21
7 18
8 37
8 22
8 78
8 83
8 73
8 83
8 71
8 43
9 2
9 94
9 29
9 48
9 33
9 33
9 18
9 82
9 18
9 46
9 61
10 15
10 71
10 73
10 46
10 70
10 27
10 14
10 26
10 14
11 51
11 9
11 91
11 17
11 46
11 37
11 82
11 93
11 42
11 2
11 52
12 56
12 67
12 7
12 65
12 56
12 65
12 24
12 8
12 44
12 56
12 76
12 46
12 33
12 16
12 89
12 37
13 63
13 51
13 73
13 73
13 89
13 22
13 22
13 40
13 24
14 82
14 93
14 8
14 89
14 9
14 46
14 89
14 56
14 52
14 83
14 20
14 24
15 38
15 38
15 14
15 93
15 71
15 42
15 33
15 89
15 33
15 8
15 11
15 96
15 63
15 40
16 96
16 28
16 65
16 26
16 95
16 24
16 2
16 63
16 11
16 38
17 38
17 61
17 26
17 33
17 51
17 37
17 26
17 24
17 38
17 1
17 81
17 15
17 88
17 61
17 13
17 18
18 28
18 80
18 78
18 7
18 21
18 9
18 2
18 9
19 37
19 91
19 85
19 51
19 89
19 94
19 89
20 15
20 69
20 13
20 89
21 17
21 85
21 91
21 82
21 43
21 94
21 21
21 64
21 33
21 94
21 73
21 78
21 46
21 33
22 9
22 17
22 48
22 82
22 91
22 16
22 10
22 9
22 33
22 17
22 33
23 1
23 9
23 38
23 73
23 89
23 80
23 63
23 82
23 38
23 37
23 56
23 24
24 41
24 43
24 38
24 9
24 93
24 52
25 89
25 51
25 18
25 8
25 94
25 89
25 56
25 78
25 38
25 9
25 71
25 13
25 38
26 27
26 18
26 15
26 7
26 56
26 89
26 28
27 14
27 41
27 9
27 17
27 73
27 89
27 19
28 48
28 96
28 8
28 9
28 24
28 89
28 89
28 13
29 89
29 21
29 92
29 56
29 82
29 67
29 55
29 58
29 33
29 92
29 89
29 41
29 14
29 33
30 82
30 14
30 91
30 8
30 50
30 82
30 91
30 16
30 91
30 17
30 86
30 91
30 51
31 36
31 56
31 56
31 67
31 19
31 43
31 33
31 15
32 31
32 26
32 38
32 19
32 33
32 82
32 15
32 51
32 16
33 24
33 94
33 70
33 4
33 31
33 20
33 24
33 21
33 86
34 55
34 12
34 14
34 89
34 33
34 99
34 91
34 20
34 94
34 65
35 13
35 33
35 33
35 85
35 85
35 29
35 91
35 85
35 33
35 69
36 89
36 22
36 2
36 21
36 91
36 67
36 31
37 31
37 77
37 20
37 78
37 17
37 43
37 21
37 67
37 36
38 91
38 12
38 8
38 82
38 92
38 9
38 89
38 67
38 31
38 95
38 91
38 33
38 58
38 96
38 89
38 89
38 21
40 37
40 82
40 93
40 52
40 26
40 95
40 51
40 91
40 92
40 12
40 33
40 22
40 81
40 13
40 52
40 63
41 94
41 9
41 91
41 36
41 85
41 31
41 37
43 33
43 43
43 73
43 17
43 17
44 33
44 39
44 51
44 89
44 29
44 85
44 18
44 2
44 83
44 77
44 33
44 6
44 56
44 33
45 9
45 67
45 54
45 91
45 71
45 26
45 65
45 36
45 7
45 89
46 70
46 14
46 2
46 91
46 40
46 2
46 38
46 69
46 56
46 67
46 37
46 95
46 25
46 59
46 14
46 94
47 38
47 2
47 18
47 24
47 15
47 75
47 83
47 9
47 18
47 11
47 33
48 89
48 46
48 54
48 37
48 26
48 95
48 11
48 52
48 31
48 16
48 6
49 13
49 33
49 21
49 59
49 82
49 2
49 94
49 21
50 17
50 93
50 67
50 51
50 9
50 46
50 80
50 3
50 65
50 33
50 52
50 12
50 21
50 69
51 21
51 46
51 65
51 5
51 59
51 91
52 31
52 33
52 33
52 38
52 19
52 43
52 16
52 52
52 9
52 11
52 92
52 89
53 37
53 33
53 92
53 56
53 13
53 56
53 24
53 89
53 89
53 29
53 85
53 18
53 2
53 83
54 38
54 16
54 83
55 58
55 67
55 65
55 22
55 71
55 17
55 9
55 96
55 56
56 9
56 10
56 70
56 61
56 21
56 67
56 75
56 67
56 40
56 28
56 89
56 51
56 2
56 8
56 15
56 83
57 15
57 37
57 38
57 54
57 70
57 21
57 14
57 21
57 17
57 8
57 40
57 24
57 40
58 59
58 14
58 89
58 69
58 37
58 24
60 33
60 82
60 26
60 43
60 79
60 58
60 24
60 56
60 22
61 71
61 2
61 82
61 10
61 31
61 21
61 6
61 70
61 56
61 77
61 33
61 28
61 66
61 9
62 9
62 56
62 14
62 33
62 24
62 91
62 31
62 96
62 46
62 56
62 85
62 65
63 61
63 9
63 15
63 59
63 27
63 14
63 33
63 9
63 98
64 15
64 94
64 94
64 19
64 18
64 2
64 89
64 83
64 47
65 5
65 9
65 17
65 33
65 2
65 91
66 73
66 70
66 11
66 82
66 40
66 33
66 82
66 93
66 91
66 43
66 91
66 78
66 82
67 13
67 14
67 14
67 28
67 45
67 18
67 59
67 24
68 43
68 40
68 2
68 89
68 31
68 33
68 21
68 63
68 90
68 2
68 84
68 38
68 72
69 69
69 12
69 98
69 89
69 52
69 18
69 8
69 71
69 17
69 45
69 79
69 72
70 2
70 56
70 17
70 63
70 43
70 43
70 33
70 2
70 46
70 37
70 74
70 89
70 22
70 24
70 33
71 43
71 37
71 70
71 21
71 21
71 92
71 67
71 20
71 13
71 73
71 34
71 37
71 14
72 37
72 64
72 78
72 87
72 22
72 89
72 29
72 33
72 26
72 73
72 56
72 82
72 85
73 18
73 24
73 33
73 24
73 56
73 82
73 61
73 46
73 2
73 86
73 61
74 89
74 67
74 17
74 31
74 59
74 33
74 6
74 26
74 33
75 22
75 89
75 31
75 22
75 4
75 40
75 57
75 89
75 33
75 9
75 4
75 38
75 73
75 67
75 18
75 12
75 8
75 20
76 33
76 51
76 89
76 91
76 33
76 36
76 18
76 33
76 52
76 33
76 19
76 89
76 82
76 10
76 38
76 37
77 37
77 67
77 83
77 89
77 9
77 70
77 5
77 17
77 26
77 67
77 2
78 22
78 67
78 21
78 38
78 8
78 69
78 82
78 40
78 59
78 65
78 38
78 33
78 2
78 89
78 95
79 41
79 85
79 24
79 73
79 52
79 83
79 20
79 24
79 99
80 82
80 73
80 33
80 34
80 65
80 24
80 36
80 59
80 2
80 56
80 40
80 73
80 78
80 46
80 33
80 8
80 69
80 9
80 94
81 81
81 89
81 40
81 59
81 36
81 9
81 37
81 87
82 51
82 37
82 26
82 24
82 33
82 24
82 27
82 9
83 33
83 38
83 33
84 24
84 75
84 61
84 6
85 9
85 14
85 33
85 91
85 63
85 52
85 91
85 43
85 38
86 82
86 33
86 37
86 42
86 82
86 94
86 33
86 71
86 7
86 96
86 18
86 38
86 85
86 37
86 16
86 37
86 2
87 75
87 14
87 2
87 19
87 61
87 63
87 2
87 91
87 14
87 65
87 52
87 89
87 9
88 89
88 89
88 48
88 18
88 28
88 15
88 13
88 9
88 17
88 70
88 38
88 8
88 43
88 9
88 82
88 66
88 99
89 16
89 36
89 75
89 56
89 94
90 13
90 36
90 9
90 15
90 67
90 9
91 91
91 85
91 33
91 91
91 69
91 33
91 33
91 98
92 8
92 40
92 89
92 33
92 37
92 18
92 1
92 40
93 15
93 17
93 82
93 67
93 37
93 26
93 94
94 93
94 67
94 11
94 5
94 40
94 38
94 33
94 33
94 73
94 91
94 12
94 15
94 52
95 17
95 94
95 40
95 89
95 33
95 58
95 9
95 13
95 13
95 2
95 15
95 40
95 91
96 74
96 33
96 80
96 54
96 7
96 69
96 33
96 83
96 86
96 43
96 33
96 17
97 16
97 37
97 33
97 93
97 50
97 89
97 37
97 94
97 52
97 94
97 25
97 17
98 9
98 14
98 25
98 21
98 17
98 65
99 59
99 89
99 46
99 99
99 89
99 48
99 94
99 24
99 98