pruning at tid = 1000, size = 58784; new_size = 58784
pruning at tid = 2000, size = 113120; new_size = 113120
pruning at tid = 3000, size = 166472; new_size = 166472
pruning at tid = 4000, size = 217608; new_size = 217608
pruning at tid = 5000, size = 267112; new_size = 267112
pruning at tid = 6000, size = 316688; new_size = 316688
pruning at tid = 7000, size = 366312; new_size = 366312
pruning at tid = 8000, size = 414936; new_size = 414936
pruning at tid = 9000, size = 463912; new_size = 463912
93 9863 40.632069
64 9864 35.716409
3 9857 34.992169
77 9863 30.238919
21 9861 27.544554
18 9865 25.877664
15 9862 25.396245
38 9861 24.665110
28 9863 24.505889
98 9865 23.282324
92 9864 21.627256
24 9864 21.620722
87 9864 20.099623
63 9863 19.213915
94 9862 18.530790
84 9857 17.772081
30 9865 16.605161
58 9864 16.457658
29 9859 16.002890
91 9864 15.559832
10 9862 15.524076
25 9863 15.346258
4 9840 15.055306
73 9863 15.048100
23 9863 15.026097
17 9857 15.002733
41 9858 14.966225
62 9863 14.539257
8 9863 14.462319
51 9859 12.974389
42 9861 12.555831
61 9845 12.343592
74 9862 12.019848
53 9861 11.759211
95 9858 11.436639
75 9851 11.241487
37 9862 10.546171
36 9864 10.099593
6 9864 9.420844
20 9845 8.517228
72 9865 8.387514
67 9849 8.262695
59 9857 8.256781
86 9848 8.115364
34 9863 8.059982
96 9853 7.695315
1 9865 7.186874
32 9845 7.062216
79 9864 6.975509
85 9854 6.603806
52 9855 6.319612
48 9864 6.075858
5 9863 5.636836
82 9839 5.441438
81 9864 5.412705
68 9861 5.391383
55 9841 5.241898
35 9854 5.020606
27 9862 4.868998
71 9859 4.692679
56 9789 4.430108
40 9865 3.980192
90 9856 3.886303
70 9844 3.851789
14 9849 3.565354
7 9845 3.466379
69 9844 3.282504
22 9848 3.172121
80 9864 3.099502
99 9862 3.048318
60 9846 2.986487
45 9846 2.628082
33 9781 2.508289
76 9851 2.483935
16 9847 2.128825
19 9829 2.068126
2 9818 1.942649
13 9832 1.858114
97 9857 1.617012
54 9799 1.511190
65 9803 1.373688
49 9849 1.262884
47 9796 1.084453
9 9849 1.059911
89 9781 0.869570
12 9797 0.784113
57 9832 0.749901
31 9797 0.667003
26 9748 0.551088
78 9783 0.544150
44 9703 0.540173
39 9723 0.477357
0 9722 0.462411
88 9772 0.452952
11 9759 0.342819
43 9563 0.047584
66 9545 0.040713
50 9122 0.001071
83 9140 0.000678
46 9033 0.000231

MINSUP_FREQ = 5.000000, MINSUP_SEMIFREQ = 4.500000, SUP = 75.000000

total time taken to insert in FP tree = 194.010000 ms
sizeof fp tree = 505264
total = 174.773232, children = 71
34.907999 11.463292 8.020322 6.973518 5.365569 6.096440 6.303399 7.228180 5.767143 2.750801 2.504448 2.258618 3.227214 2.802408 3.677936 1.000000 1.000000 1.000000 1.000000 1.000050 1.000000 1.000000 1.000000 1.000000 1.000618 1.000000 1.000000 1.000000 1.000000 1.000232 1.000000 1.000000 1.000000 1.000000 1.000000 1.000027 1.842943 1.000000 1.210598 1.000000 1.000000 1.201050 1.000045 1.007813 1.056075 1.000022 1.000000 1.000000 1.270653 1.001938 1.281590 1.000000 1.000150 1.009198 1.244039 1.003923 1.127377 1.607528 1.071855 1.636993 1.006263 1.010461 1.625325 1.785678 2.118398 2.618682 1.049899 1.601677 1.965893 1.012965 1.055989 0.000000 0.000000 0.000000 0.000000 0.000000 0.000000 0.000000 0.000000 0.000000 0.000000 0.000000 0.000000 0.000000 0.000000 0.000000 0.000000 0.000000 0.000000 0.000000 0.000000 0.000000 0.000000 0.000000 0.000000 0.000000 0.000000 0.000000 0.000000 0.000000 
total time taken to mine FP tree = 245.199000 ms
total time taken by CP tree = 0.000000 ms

sizeof cp tree = 505264
