pruning at tid = 1000, size = 58784; new_size = 58560
pruning at tid = 2000, size = 112928; new_size = 112768
pruning at tid = 3000, size = 166128; new_size = 166040
pruning at tid = 4000, size = 217224; new_size = 217184
pruning at tid = 5000, size = 266688; new_size = 263288
pruning at tid = 6000, size = 312928; new_size = 312928
pruning at tid = 7000, size = 362600; new_size = 357320
pruning at tid = 8000, size = 406064; new_size = 406032
pruning at tid = 9000, size = 455040; new_size = 453944
93 9866 40.632069
64 9866 35.716409
3 9866 34.992169
77 9866 30.238919
21 9866 27.544554
18 9866 25.877664
15 9866 25.396245
38 9866 24.665110
28 9866 24.505889
98 9866 23.282324
92 9866 21.627256
24 9866 21.620722
87 9866 20.099622
63 9866 19.213915
94 9866 18.530790
84 9866 17.772081
30 9866 16.605161
58 9866 16.457658
29 9866 16.002890
91 9866 15.559831
10 9866 15.524076
25 9866 15.346258
4 9866 15.055306
73 9866 15.048100
23 9866 15.026097
17 9866 15.002733
41 9866 14.966225
62 9866 14.539257
8 9866 14.462319
51 9866 12.974389
42 9866 12.555831
61 9866 12.343592
74 9866 12.019848
53 9866 11.759211
95 9866 11.436638
75 9866 11.241487
37 9866 10.546171
36 9866 10.099593
6 9866 9.420844
20 9866 8.517228
72 9866 8.387514
67 9866 8.262695
59 9866 8.256781
86 9866 8.115364
34 9866 8.059982
96 9866 7.695315
1 9866 7.186874
32 9866 7.062216
79 9866 6.975509
85 9866 6.603806
52 9866 6.319612
48 9866 6.075858
5 9866 5.636836
82 9866 5.441438
81 9866 5.412705
68 9866 5.391383
55 9866 5.241898
35 9866 5.020606
27 9866 4.868998
71 9866 4.692679
56 9866 4.430108
40 9866 3.980192
90 9866 3.886303
70 9866 3.851789
14 9866 3.565354
7 9866 3.466379
69 9866 3.282504
22 9866 3.172121
80 9866 3.099502
99 9866 3.048318
60 9866 2.986487
45 9866 2.628082
33 9866 2.508289
76 9866 2.483935
16 9866 2.128825
19 9866 2.068126
2 9866 1.942649
13 9866 1.858114
97 9866 1.617012
54 9866 1.511190
65 9866 1.373688
49 9866 1.262884
47 9866 1.084453
9 9866 1.059911
89 9866 0.869570
12 9866 0.784113
57 9866 0.749901
31 9866 0.667003
26 9866 0.551088
78 9866 0.544150
44 9866 0.540173
39 9866 0.477357
0 9866 0.462411
88 9866 0.452952
11 9866 0.342819
43 9866 0.047584
66 9866 0.040713
50 9866 0.001071
83 9866 0.000678
46 9866 0.000231

MINSUP_FREQ = 5.000000, MINSUP_SEMIFREQ = 4.500000, SUP = 75.000000

total time taken to insert in FP tree = 23371.750000 ms
sizeof fp tree = 495360
total = 85, children = 71
31.889059 8.479402 7.038002 5.975121 6.565428 7.155898 5.207671 5.539894 3.131362 1.545971 2.057441 0.027654 0.328652 0.000000 0.000000 0.846250 0.000000 0.000000 0.000000 0.000000 0.000000 0.019453 0.000000 0.000000 0.000000 0.002287 0.000000 0.000000 0.434231 0.000000 0.000000 0.000000 0.004530 0.000000 0.025992 0.117570 0.008620 0.000000 0.000000 0.000057 0.000046 0.003810 0.088224 0.373472 0.000000 0.662282 0.030222 0.000000 0.001163 0.026299 0.000000 0.208306 0.007852 0.000001 0.258086 0.437220 0.429476 0.324574 1.106475 0.001435 0.843244 1.695474 1.582808 2.550470 0.288532 0.050385 0.000000 0.344159 0.462411 0.744047 0.078984 0.000000 0.000000 0.000000 0.000000 0.000000 0.000000 0.000000 0.000000 0.000000 0.000000 0.000000 0.000000 0.000000 0.000000 0.000000 0.000000 0.000000 0.000000 0.000000 0.000000 0.000000 0.000000 0.000000 0.000000 0.000000 0.000000 0.000000 0.000000 0.000000 
total time taken to mine FP tree = 353.979000 ms
total time taken by CP tree = 0.000000 ms

sizeof cp tree = 495360
