33 (52)
89 33 (21)
89 (42)
9 89 (18)
9 33 89 (7)
9 33 (18)
9 (37)
37 89 (15)
37 33 89 (9)
37 33 (14)
37 9 (8)
37 (27)
82 33 (18)
82 9 (10)
82 89 33 (6)
82 89 (9)
82 37 (8)
82 (25)
24 33 (11)
24 89 (9)
24 37 (8)
24 9 (8)
24 82 (6)
24 (24)
2 33 (15)
2 89 33 (7)
2 89 (12)
2 9 33 (6)
2 9 (11)
2 82 33 (7)
2 82 (8)
2 24 (6)
2 37 (6)
2 (24)
91 33 (14)
91 9 33 (6)
91 9 (10)
91 82 33 (6)
91 82 (8)
91 89 (8)
91 2 (6)
91 37 (6)
91 (23)
17 33 (11)
17 9 (11)
17 89 (8)
17 91 (6)
17 82 (6)
17 37 (6)
17 (22)
56 33 (13)
56 24 33 (7)
56 24 (10)
56 89 33 (6)
56 89 (10)
56 82 33 (6)
56 82 24 (6)
56 82 (9)
56 9 (8)
56 2 33 (6)
56 2 (7)
56 37 (7)
56 (21)
67 33 (11)
67 89 33 (7)
67 89 (11)
67 9 89 (6)
67 9 (9)
67 56 (6)
67 17 (6)
67 2 (6)
67 37 (6)
67 (21)
38 33 (13)
38 89 33 (6)
38 89 (9)
38 9 (8)
38 2 (6)
38 82 (6)
38 37 (6)
38 (21)
94 33 (9)
94 89 (8)
94 2 (7)
94 37 (7)
94 91 (6)
94 82 (6)
94 (18)
18 33 (12)
18 89 33 (6)
18 89 (11)
18 2 33 (7)
18 2 (8)
18 38 (7)
18 56 (6)
18 37 33 (6)
18 37 (6)
18 (18)
21 67 (9)
21 33 (9)
21 2 (7)
21 82 33 (6)
21 82 (6)
21 9 (6)
21 89 (6)
21 (18)
14 9 (7)
14 91 (6)
14 89 (6)
14 33 (6)
14 (17)
15 9 (7)
15 33 (7)
15 38 (6)
15 89 (6)
15 (17)
8 89 (13)
8 33 89 (7)
8 33 (9)
8 9 89 (8)
8 9 (9)
8 82 (7)
8 18 (6)
8 38 (6)
8 67 (6)
8 (17)
43 33 (11)
43 17 (6)
43 (16)
40 33 (10)
40 89 33 (6)
40 89 (9)
40 8 (7)
40 38 (7)
40 2 (6)
40 9 (6)
40 (16)
46 33 (9)
46 24 33 (6)
46 24 (8)
46 56 24 (6)
46 56 (6)
46 82 (6)
46 (15)
73 33 (7)
73 (14)
52 33 (7)
52 9 (7)
52 89 (7)
52 91 (6)
52 (14)
13 33 (7)
13 9 (6)
13 89 (6)
13 (14)
85 33 (10)
85 91 (6)
85 37 (6)
85 (13)
16 33 (9)
16 (13)
51 33 (7)
51 37 (6)
51 89 (6)
51 (13)
26 37 (7)
26 33 (7)
26 (13)
31 33 (8)
31 89 (7)
31 21 (6)
31 9 (6)
31 (13)
22 33 (7)
22 89 (7)
22 82 (6)
22 (12)
65 9 (7)
65 33 (6)
65 (12)
69 33 (7)
69 (11)
59 (11)
83 2 (6)
83 89 (6)
83 (11)
71 (11)
70 (10)
36 (10)
93 52 (7)
93 33 (6)
93 (9)
12 33 (8)
12 (9)
63 89 (6)
63 (9)
20 (8)
96 (8)
78 (8)
19 (7)
61 (7)
28 (7)
11 (7)
95 (7)
29 33 (6)
29 (6)
92 (6)
75 (6)
48 (6)
6 (6)
7 (6)
