1 0 80.000000
1 1 110.000000
1 2 149.000000
2 2 42 53.000000
2 2 49 70.000000
1 4 196.000000
2 4 41 53.000000
2 4 42 80.000000
2 4 46 53.000000
2 4 49 97.000000
2 4 68 67.000000
2 4 98 53.000000
1 5 81.000000
1 6 123.000000
2 6 42 51.000000
2 6 49 54.000000
1 7 263.000000
2 7 10 56.000000
2 7 11 55.000000
2 7 12 51.000000
2 7 41 56.000000
2 7 42 121.000000
3 7 42 49 53.000000
2 7 45 62.000000
2 7 46 76.000000
2 7 49 113.000000
2 7 52 55.000000
2 7 56 54.000000
2 7 68 95.000000
2 7 69 74.000000
2 7 74 58.000000
2 7 78 69.000000
2 7 91 66.000000
2 7 98 57.000000
1 10 213.000000
2 10 42 96.000000
2 10 45 60.000000
2 10 46 65.000000
2 10 49 100.000000
2 10 52 57.000000
2 10 68 60.000000
2 10 69 67.000000
2 10 78 54.000000
2 10 91 59.000000
2 10 98 64.000000
1 11 221.000000
2 11 41 61.000000
2 11 42 102.000000
2 11 45 69.000000
2 11 46 59.000000
2 11 49 90.000000
2 11 52 59.000000
2 11 68 67.000000
2 11 69 62.000000
2 11 78 56.000000
2 11 91 61.000000
1 12 219.000000
2 12 41 55.000000
2 12 42 78.000000
2 12 45 56.000000
2 12 46 61.000000
2 12 49 98.000000
2 12 68 53.000000
2 12 78 53.000000
2 12 91 64.000000
2 12 98 61.000000
1 13 51.000000
1 14 96.000000
1 15 69.000000
1 19 148.000000
2 19 42 63.000000
2 19 49 58.000000
1 24 59.000000
1 28 88.000000
1 30 111.000000
2 30 42 51.000000
1 31 90.000000
1 33 124.000000
2 33 42 59.000000
2 33 49 51.000000
1 35 93.000000
1 41 242.000000
2 41 42 98.000000
2 41 45 62.000000
2 41 46 74.000000
2 41 49 100.000000
2 41 52 61.000000
2 41 56 51.000000
2 41 68 73.000000
2 41 69 60.000000
2 41 78 53.000000
2 41 91 60.000000
1 42 422.000000
2 42 44 73.000000
2 42 45 104.000000
2 42 46 118.000000
3 42 46 49 55.000000
2 42 49 180.000000
3 42 49 68 58.000000
3 42 49 78 51.000000
3 42 49 91 54.000000
2 42 52 93.000000
2 42 56 90.000000
2 42 57 54.000000
2 42 59 52.000000
2 42 67 62.000000
2 42 68 129.000000
2 42 69 103.000000
2 42 72 65.000000
2 42 74 76.000000
2 42 78 102.000000
2 42 80 69.000000
2 42 91 117.000000
2 42 96 62.000000
2 42 98 102.000000
1 44 165.000000
2 44 49 65.000000
2 44 68 52.000000
2 44 91 52.000000
1 45 249.000000
2 45 46 74.000000
2 45 49 111.000000
2 45 52 67.000000
2 45 68 66.000000
2 45 69 64.000000
2 45 74 60.000000
2 45 78 52.000000
2 45 91 66.000000
2 45 98 68.000000
1 46 266.000000
2 46 49 112.000000
2 46 52 55.000000
2 46 56 69.000000
2 46 68 80.000000
2 46 69 66.000000
2 46 74 52.000000
2 46 78 63.000000
2 46 91 75.000000
2 46 98 70.000000
1 48 55.000000
1 49 433.000000
2 49 52 113.000000
2 49 56 91.000000
2 49 57 56.000000
2 49 61 59.000000
2 49 67 69.000000
2 49 68 129.000000
2 49 69 105.000000
2 49 72 65.000000
2 49 74 78.000000
2 49 78 110.000000
2 49 80 62.000000
2 49 91 127.000000
2 49 96 65.000000
2 49 98 112.000000
1 50 103.000000
1 52 240.000000
2 52 68 72.000000
2 52 69 56.000000
2 52 78 58.000000
2 52 91 62.000000
2 52 98 65.000000
1 55 86.000000
1 56 205.000000
2 56 69 51.000000
2 56 91 66.000000
2 56 98 54.000000
1 57 134.000000
1 59 90.000000
1 61 118.000000
1 63 63.000000
1 67 142.000000
1 68 283.000000
2 68 69 73.000000
2 68 74 68.000000
2 68 78 79.000000
2 68 91 69.000000
2 68 98 68.000000
1 69 243.000000
2 69 78 62.000000
2 69 91 74.000000
2 69 98 63.000000
1 72 150.000000
1 74 188.000000
2 74 91 57.000000
1 75 65.000000
1 77 84.000000
1 78 245.000000
2 78 91 70.000000
2 78 98 68.000000
1 80 147.000000
1 85 106.000000
1 86 95.000000
1 87 88.000000
1 90 81.000000
1 91 264.000000
2 91 98 71.000000
1 95 53.000000
1 96 123.000000
1 98 242.000000
