1 3 20.000000
2 3 18 6.000000
2 3 77 6.000000
2 3 93 7.000000
2 3 98 8.000000
1 4 7.000000
1 6 6.000000
1 8 10.000000
1 10 10.000000
1 15 10.000000
1 17 6.000000
1 18 10.000000
1 20 6.000000
1 21 10.000000
2 21 93 6.000000
1 23 10.000000
1 24 11.000000
1 25 8.000000
1 28 8.000000
1 29 7.000000
1 30 9.000000
1 32 6.000000
1 36 6.000000
1 37 7.000000
1 38 9.000000
2 38 92 6.000000
1 41 10.000000
1 42 10.000000
1 51 11.000000
1 56 6.000000
1 62 8.000000
1 64 20.000000
2 64 92 7.000000
2 64 93 6.000000
1 67 6.000000
1 72 6.000000
1 77 14.000000
1 84 7.000000
2 84 93 6.000000
1 86 6.000000
1 87 8.000000
1 91 12.000000
1 92 14.000000
2 92 98 6.000000
1 93 14.000000
1 94 7.000000
1 95 8.000000
1 96 6.000000
1 98 14.000000
1 3 20.000000
2 3 18 6.000000
2 3 77 6.000000
2 3 93 7.000000
2 3 98 8.000000
1 4 7.000000
1 6 6.000000
1 8 10.000000
1 10 10.000000
1 15 10.000000
1 17 6.000000
1 18 10.000000
1 20 6.000000
1 21 10.000000
2 21 93 6.000000
1 23 10.000000
1 24 11.000000
1 25 8.000000
1 28 8.000000
1 29 7.000000
1 30 9.000000
1 32 6.000000
1 36 6.000000
1 37 7.000000
1 38 9.000000
2 38 92 6.000000
1 41 10.000000
1 42 10.000000
1 51 11.000000
1 56 6.000000
1 62 8.000000
1 64 20.000000
2 64 92 7.000000
2 64 93 6.000000
1 67 6.000000
1 72 6.000000
1 77 14.000000
1 84 7.000000
2 84 93 6.000000
1 86 6.000000
1 87 8.000000
1 91 12.000000
1 92 14.000000
2 92 98 6.000000
1 93 14.000000
1 94 7.000000
1 95 8.000000
1 96 6.000000
1 98 14.000000
