13 37 33 9 54 33 22 75 89 8 41 1 12 82 
9 17 9 72 87 90 9 4 33 13 
18 89 67 2 85 9 33 43 77 10 16 89 72 18 33 89 55 9 20 
8 33 64 6 71 46 24 40 12 
10 14 48 15 24 22 56 24 40 82 9 
7 89 37 86 94 33 9 49 
7 96 36 16 71 33 16 69 
15 0 67 8 33 37 5 95 85 90 16 56 29 62 21 18 
8 37 22 78 83 73 83 71 43 
11 2 94 29 48 33 33 18 82 18 46 61 
9 15 71 73 46 70 27 14 26 14 
11 51 9 91 17 46 37 82 93 42 2 52 
16 56 67 7 65 56 65 24 8 44 56 76 46 33 16 89 37 
9 63 51 73 73 89 22 22 40 24 
12 82 93 8 89 9 46 89 56 52 83 20 24 
14 38 38 14 93 71 42 33 89 33 8 11 96 63 40 
10 96 28 65 26 95 24 2 63 11 38 
16 38 61 26 33 51 37 26 24 38 1 81 15 88 61 13 18 
8 28 80 78 7 21 9 2 9 
7 37 91 85 51 89 94 89 
4 15 69 13 89 
14 17 85 91 82 43 94 21 64 33 94 73 78 46 33 
11 9 17 48 82 91 16 10 9 33 17 33 
12 1 9 38 73 89 80 63 82 38 37 56 24 
6 41 43 38 9 93 52 
13 89 51 18 8 94 89 56 78 38 9 71 13 38 
7 27 18 15 7 56 89 28 
7 14 41 9 17 73 89 19 
8 48 96 8 9 24 89 89 13 
14 89 21 92 56 82 67 55 58 33 92 89 41 14 33 
13 82 14 91 8 50 82 91 16 91 17 86 91 51 
8 36 56 56 67 19 43 33 15 
9 31 26 38 19 33 82 15 51 16 
9 24 94 70 4 31 20 24 21 86 
10 55 12 14 89 33 99 91 20 94 65 
10 13 33 33 85 85 29 91 85 33 69 
7 89 22 2 21 91 67 31 
9 31 77 20 78 17 43 21 67 36 
17 91 12 8 82 92 9 89 67 31 95 91 33 58 96 89 89 21 
16 37 82 93 52 26 95 51 91 92 12 33 22 81 13 52 63 
7 94 9 91 36 85 31 37 
5 33 43 73 17 17 
14 33 39 51 89 29 85 18 2 83 77 33 6 56 33 
10 9 67 54 91 71 26 65 36 7 89 
16 70 14 2 91 40 2 38 69 56 67 37 95 25 59 14 94 
11 38 2 18 24 15 75 83 9 18 11 33 
11 89 46 54 37 26 95 11 52 31 16 6 
8 13 33 21 59 82 2 94 21 
14 17 93 67 51 9 46 80 3 65 33 52 12 21 69 
6 21 46 65 5 59 91 
12 31 33 33 38 19 43 16 52 9 11 92 89 
14 37 33 92 56 13 56 24 89 89 29 85 18 2 83 
3 38 16 83 
9 58 67 65 22 71 17 9 96 56 
16 9 10 70 61 21 67 75 67 40 28 89 51 2 8 15 83 
13 15 37 38 54 70 21 14 21 17 8 40 24 40 
6 59 14 89 69 37 24 
9 33 82 26 43 79 58 24 56 22 
14 71 2 82 10 31 21 6 70 56 77 33 28 66 9 
12 9 56 14 33 24 91 31 96 46 56 85 65 
9 61 9 15 59 27 14 33 9 98 
9 15 94 94 19 18 2 89 83 47 
6 5 9 17 33 2 91 
13 73 70 11 82 40 33 82 93 91 43 91 78 82 
8 13 14 14 28 45 18 59 24 
13 43 40 2 89 31 33 21 63 90 2 84 38 72 
12 69 12 98 89 52 18 8 71 17 45 79 72 
15 2 56 17 63 43 43 33 2 46 37 74 89 22 24 33 
13 43 37 70 21 21 92 67 20 13 73 34 37 14 
13 37 64 78 87 22 89 29 33 26 73 56 82 85 
11 18 24 33 24 56 82 61 46 2 86 61 
9 89 67 17 31 59 33 6 26 33 
18 22 89 31 22 4 40 57 89 33 9 4 38 73 67 18 12 8 20 
16 33 51 89 91 33 36 18 33 52 33 19 89 82 10 38 37 
11 37 67 83 89 9 70 5 17 26 67 2 
15 22 67 21 38 8 69 82 40 59 65 38 33 2 89 95 
9 41 85 24 73 52 83 20 24 99 
19 82 73 33 34 65 24 36 59 2 56 40 73 78 46 33 8 69 9 94 
8 81 89 40 59 36 9 37 87 
8 51 37 26 24 33 24 27 9 
3 33 38 33 
4 24 75 61 6 
9 9 14 33 91 63 52 91 43 38 
17 82 33 37 42 82 94 33 71 7 96 18 38 85 37 16 37 2 
13 75 14 2 19 61 63 2 91 14 65 52 89 9 
17 89 89 48 18 28 15 13 9 17 70 38 8 43 9 82 66 99 
5 16 36 75 56 94 
6 13 36 9 15 67 9 
8 91 85 33 91 69 33 33 98 
8 8 40 89 33 37 18 1 40 
7 15 17 82 67 37 26 94 
13 93 67 11 5 40 38 33 33 73 91 12 15 52 
13 17 94 40 89 33 58 9 13 13 2 15 40 91 
12 74 33 80 54 7 69 33 83 86 43 33 17 
12 16 37 33 93 50 89 37 94 52 94 25 17 
6 9 14 25 21 17 65 
8 59 89 46 99 89 48 94 24 

