3 3968
64 3910
77 3778
93 3711
24 3015
21 3006
18 2733
38 2580
15 2555
87 2458
98 2208
92 2160
28 2100
8 2053
84 2049
41 1955
91 1883
73 1852
10 1840
30 1730
62 1694
94 1663
63 1603
29 1585
4 1554
25 1500
17 1489
23 1409
51 1406
37 1364
95 1350
58 1308
61 1294
20 1251
42 1231
53 1195
74 995
5 984
36 965
67 956
96 899
34 887
86 840
75 832
59 830
1 829
79 815
72 809
56 771
82 721
52 721
71 689
6 662
32 650
27 631
48 598
85 589
81 529
7 521
40 516
33 454
35 453
90 441
70 413
68 394
55 377
69 372
14 338
76 285
22 276
99 251
80 243
19 229
44 217
16 216
54 193
26 192
97 187
45 171
65 169
60 166
47 151
31 150
12 134
89 133
0 127
39 121
88 116
2 103
13 96
49 93
9 88
57 83
78 69
11 62
66 22
43 22
50 19
46 12
83 8
