42 52063
49 50951
91 34263
7 32915
68 31981
46 31653
45 29317
78 26821
98 26756
41 26090
52 25620
12 24598
69 24514
56 24036
11 23057
74 20935
4 20894
10 19966
80 16870
72 16808
2 16444
19 16284
44 16194
67 14601
6 13653
57 13573
96 13422
33 13129
14 11409
61 11078
50 10725
85 10601
1 10579
35 10201
87 10097
0 9849
59 9778
28 9382
30 9122
31 8979
86 8518
90 8481
77 8442
5 8401
15 7651
63 7590
24 7178
55 6712
13 6305
75 5934
70 5790
8 5405
9 5194
48 5175
81 4991
95 4919
22 4812
83 4576
18 3976
60 3946
65 3714
38 3664
20 3510
29 3505
36 3421
76 3282
34 2925
21 2847
64 2823
54 2754
32 2739
79 2735
97 2441
99 2319
92 2268
62 2265
88 2254
16 2141
66 1804
51 1624
47 1547
23 1501
43 1134
53 1069
26 983
82 953
40 848
93 764
25 661
94 654
39 621
84 570
58 465
73 437
17 363
89 317
27 181
71 132
37 81
3 68

