24 535171
26 475147
52 424016
1 406948
91 380739
17 355691
83 289011
20 280056
46 250702
2 234502
82 224282
6 218884
49 216509
65 205968
57 203089
8 175869
4 173753
63 146571
42 143688
11 139409
14 139082
59 138994
95 137342
60 133125
16 130306
5 125583
70 125582
43 122926
53 103697
84 93170
99 90455
7 88517
68 87452
29 87261
93 86588
73 83758
32 81848
48 78392
12 77077
94 75295
30 72993
13 72961
85 68628
62 67231
56 66660
47 64818
28 62647
89 58104
0 55318
18 54850
71 54310
19 51660
69 47985
75 46698
74 44892
77 44417
45 43845
50 43711
72 43589
67 43246
31 42553
80 40762
38 40499
51 39240
76 38093
92 36218
41 32904
34 31823
33 30730
22 30342
21 30123
88 29875
90 27582
64 25945
86 25902
96 25833
10 25754
35 25680
25 25472
58 24998
79 24922
9 24578
27 21917
39 21164
36 20938
15 19635
97 19064
81 18171
37 17215
55 14630
3 12867
66 10972
98 9281
44 7157
23 6939
78 6118
87 4671
54 3228
40 850
61 553

