10 51 95 87 93 18 18 62 41 44 10 
10 10 92 95 1 18 96 38 82 15 7 
16 17 23 53 73 87 1 64 3 75 5 25 60 20 10 68 64 
6 96 20 10 3 61 98 
8 28 10 92 38 41 21 21 77 
10 8 10 21 73 36 17 21 20 30 3 
8 30 94 1 77 87 91 68 19 
7 81 64 27 95 8 20 10 
13 38 56 3 71 56 3 82 33 16 82 62 42 4 
17 12 91 30 97 64 34 62 7 41 21 64 76 20 6 3 25 75 
13 59 38 30 40 17 10 48 92 97 4 40 34 64 
10 29 74 95 6 49 3 34 28 49 86 
9 18 94 94 75 95 90 63 15 93 
5 37 48 91 10 48 
7 10 21 37 74 93 77 84 
14 7 73 20 15 24 51 41 84 29 35 69 62 78 30 
10 41 61 84 94 64 87 85 37 72 91 
10 25 34 58 3 73 77 14 10 7 34 
4 25 24 91 67 
9 93 93 28 98 74 72 29 3 15 
6 24 63 18 84 56 93 
8 10 61 1 98 96 87 56 63 
15 23 94 75 85 93 77 62 17 67 29 77 17 28 82 13 
10 93 93 24 96 34 61 24 51 28 13 
8 98 77 38 79 36 96 20 10 
8 20 91 86 92 84 93 56 6 
11 25 4 28 95 38 93 48 38 75 58 29 
12 41 75 93 81 25 17 86 18 8 77 24 65 
9 29 77 18 24 39 45 64 77 33 
6 37 81 64 79 10 4 
14 21 34 15 23 55 21 21 17 63 61 96 92 97 18 
8 41 18 36 75 1 92 51 61 
9 51 29 34 90 86 18 21 64 23 
15 7 98 17 73 24 15 98 19 86 41 67 64 3 1 29 
8 36 20 87 94 10 21 10 29 
15 18 69 18 15 29 77 51 95 87 93 18 18 62 41 40 
7 77 4 68 4 98 24 3 
13 77 87 77 3 87 3 82 15 55 96 92 73 60 
9 87 95 3 9 3 18 82 93 94 
6 63 38 8 10 17 3 
11 42 61 92 73 0 63 3 52 51 24 34 
6 30 51 64 8 67 38 
6 84 36 61 77 3 98 
8 5 33 3 61 37 10 58 90 
14 74 23 47 77 3 56 74 35 27 26 24 39 45 64 
6 41 17 8 18 23 67 
17 94 97 13 77 23 11 92 77 30 98 93 28 6 51 74 96 77 
13 75 24 30 93 38 3 64 93 94 73 5 18 21 
17 53 25 14 15 91 67 94 56 77 23 30 34 8 21 94 36 64 
17 41 27 64 73 91 61 24 37 10 10 37 85 77 18 38 38 94 
12 97 77 51 39 38 67 77 91 42 15 38 62 
12 93 63 92 21 28 38 94 36 79 93 24 77 
12 92 10 92 25 64 18 87 24 8 77 32 3 
12 10 53 15 30 64 49 85 33 21 62 28 41 
10 54 86 94 64 85 21 41 21 20 93 
7 93 91 93 10 93 84 77 
14 57 29 70 79 28 36 20 28 23 67 68 93 4 87 
13 35 1 56 22 8 71 15 82 38 60 86 94 15 
8 40 10 98 4 48 42 15 18 
13 23 18 84 38 29 24 42 93 1 92 10 4 84 
13 91 21 10 52 3 30 3 58 86 71 42 10 72 
10 62 77 28 17 51 58 4 82 92 37 
6 25 42 62 61 29 77 
13 62 77 29 87 75 68 20 93 18 18 52 21 34 
6 5 85 3 64 8 94 
13 65 3 18 62 8 81 26 86 15 73 3 87 5 
11 92 62 74 67 6 87 27 3 77 32 62 
8 86 63 55 93 91 91 17 36 
12 55 62 18 36 63 92 25 30 10 24 95 51 
8 93 6 87 73 5 93 86 48 
12 38 74 64 21 59 38 4 67 61 12 5 53 
4 5 48 92 53 
6 85 87 4 84 68 64 
12 4 28 17 3 86 74 23 47 77 3 56 67 
11 58 74 58 84 82 71 73 98 77 64 84 
14 93 92 51 86 5 72 30 3 71 4 20 72 3 15 
9 8 24 20 33 33 53 85 64 77 
10 25 94 61 5 56 27 33 24 47 23 
13 63 18 25 24 72 91 67 98 16 5 38 63 51 
14 3 53 8 64 53 84 35 73 75 80 58 6 59 35 
6 98 3 73 63 3 4 
11 90 92 28 4 52 34 79 38 75 58 29 
11 93 61 93 21 3 32 53 96 77 38 0 
14 93 24 64 18 75 62 28 54 24 70 17 92 3 62 
13 20 20 23 64 77 94 86 90 21 93 24 96 41 
10 96 73 84 1 98 76 28 15 20 3 
11 61 21 42 99 73 59 69 85 6 67 4 
2 21 72 
9 18 95 84 64 37 28 10 93 44 
10 77 87 4 17 87 70 71 29 51 30 
16 23 64 93 63 28 52 64 55 75 64 8 36 95 71 17 38 
15 73 27 77 64 17 92 3 3 32 25 41 75 10 29 51 
15 5 29 23 38 53 3 71 53 29 85 95 3 58 38 21 
11 92 92 51 38 95 32 75 64 30 34 7 
10 77 58 23 18 10 93 21 40 36 25 
14 54 41 61 95 69 1 18 96 38 94 64 92 38 77 
7 1 64 64 58 91 77 42 
9 64 77 41 63 38 30 15 77 21 
10 23 86 93 21 18 8 3 28 77 29 
14 84 74 15 59 74 86 28 23 3 32 94 27 41 7 
16 58 94 87 8 8 3 72 93 98 88 3 4 51 15 21 3 
13 38 30 35 53 24 84 21 77 92 53 64 25 55 
9 18 31 1 26 61 63 30 63 77 
11 42 64 77 92 95 64 64 41 33 91 37 
15 3 55 95 51 10 15 58 8 32 10 92 15 30 98 53 
13 53 73 37 29 58 38 29 77 38 64 62 77 93 
10 29 62 3 73 45 23 64 4 38 58 
12 59 28 63 94 91 21 75 93 79 56 14 86 
9 30 72 69 84 21 63 73 73 42 
11 87 84 18 17 3 21 92 73 60 64 77 
10 23 77 5 96 18 77 93 93 3 59 
7 15 92 3 75 21 93 41 
14 62 77 28 17 51 24 18 96 81 38 18 48 62 8 
7 63 21 41 20 28 41 18 
9 18 41 69 64 25 5 58 92 73 
13 53 87 10 59 92 6 12 87 72 38 19 98 15 
7 69 92 61 20 41 49 93 
13 94 94 94 64 21 41 81 65 7 81 18 18 70 
13 6 87 38 17 29 24 86 18 40 30 21 87 98 
8 20 63 91 93 15 20 58 34 
8 61 42 74 17 24 18 4 82 
15 21 32 54 71 80 69 77 81 92 62 15 94 55 41 64 
9 21 87 4 61 59 51 18 38 98 
5 97 4 40 34 64 
14 23 62 14 93 62 67 87 93 87 59 3 80 84 93 
12 62 71 24 32 30 3 34 7 73 20 92 24 
10 94 64 45 90 87 75 34 1 95 73 
9 77 38 77 20 33 72 38 56 68 
18 80 29 38 10 38 24 64 93 4 36 10 89 4 94 25 34 58 3 
13 93 64 18 24 3 58 96 98 56 34 93 59 36 
8 98 71 28 28 8 3 18 92 
7 90 92 28 4 52 34 79 
8 30 15 30 55 51 32 8 8 
9 41 92 28 96 77 84 48 5 59 
10 41 1 25 29 41 34 3 77 15 79 
7 61 21 64 38 21 59 20 
9 29 93 25 84 73 71 64 77 42 
9 92 3 62 15 79 90 3 23 69 
13 10 99 37 17 21 30 15 5 29 17 23 67 28 
12 23 3 77 60 58 74 93 64 81 84 37 37 
7 93 64 81 37 56 14 86 
5 70 30 87 90 28 
8 4 96 40 25 48 30 21 84 
8 63 96 98 63 25 38 21 93 
14 26 52 84 5 26 58 5 18 42 91 96 21 41 29 
14 24 74 18 92 25 79 64 95 67 29 51 58 2 20 
12 10 18 28 14 37 72 87 18 51 28 58 96 
9 98 70 53 73 64 3 87 15 84 
8 93 18 20 87 73 34 64 24 
14 55 3 36 88 38 5 15 77 30 93 34 29 77 91 
9 30 24 41 21 24 76 41 18 15 
5 23 37 20 10 28 
8 77 95 52 64 65 74 52 38 
12 98 98 87 92 98 62 14 42 96 37 23 21 
10 41 28 18 87 77 28 64 23 32 34 
12 42 10 4 23 61 62 93 30 95 90 37 28 
11 38 27 41 73 70 64 54 93 4 61 63 
12 48 92 30 70 75 20 87 14 56 73 41 17 
12 62 63 77 28 63 69 27 73 77 56 38 95 
8 4 61 59 75 15 63 41 26 
6 25 15 18 84 3 24 
9 8 40 3 95 85 37 53 61 28 
9 10 73 77 30 96 3 14 93 77 
11 93 91 61 5 56 3 96 93 87 28 3 
5 70 61 24 18 41 
7 64 17 5 71 84 96 15 
7 93 1 35 18 93 61 92 
7 68 59 18 41 30 77 95 
8 29 64 55 25 64 56 55 94 
16 93 18 3 37 28 93 70 29 63 23 27 79 25 75 15 91 
9 52 94 15 77 24 54 35 79 75 
16 58 4 64 33 94 15 98 82 29 72 8 17 79 77 64 37 
16 62 52 33 90 93 84 96 64 58 3 4 23 37 78 98 55 
14 53 93 98 18 18 40 93 10 36 41 10 74 28 3 
7 3 64 77 34 62 64 82 
10 3 28 92 79 78 51 84 37 77 30 
7 79 53 21 24 16 93 38 
11 95 24 37 75 48 93 84 87 4 65 17 
15 34 29 18 8 24 92 10 28 64 8 36 95 71 17 38 
12 29 28 96 30 77 87 75 91 93 3 73 20 
12 41 98 38 15 77 20 4 28 63 93 64 38 
12 30 97 98 18 25 96 42 24 38 67 58 3 
14 1 18 70 96 64 93 27 4 24 59 38 62 2 93 
5 28 52 51 10 72 
5 93 93 28 98 74 
13 74 37 95 10 68 23 42 68 33 74 61 21 10 
7 82 93 21 67 32 93 5 
16 94 10 93 82 25 21 29 18 4 72 64 94 74 51 20 30 
14 36 94 5 63 1 52 94 15 77 24 54 35 79 75 
9 87 56 77 52 74 77 23 10 91 
13 3 64 93 94 62 99 37 17 64 4 72 94 63 
13 29 3 34 95 87 24 61 23 15 87 51 97 28 
5 64 23 98 24 59 
16 94 23 18 67 3 4 98 29 25 35 38 36 93 41 9 80 
7 77 93 4 74 15 73 8 
15 63 18 15 69 98 10 75 91 14 74 62 40 20 4 38 
12 84 64 3 91 93 3 6 70 73 30 61 17 
11 4 25 64 48 48 42 15 18 70 67 25 
11 69 47 24 10 5 8 93 87 28 93 21 
17 63 30 77 93 93 27 34 34 74 1 18 96 38 51 8 79 58 
8 28 62 91 77 19 67 98 61 
10 92 25 8 29 38 10 94 29 87 35 
10 71 7 15 42 63 8 83 95 93 91 
15 8 24 20 25 63 8 93 52 25 82 63 3 81 33 64 
12 84 21 94 51 21 36 21 17 15 42 94 93 
8 27 56 96 4 98 93 38 3 
10 4 84 0 3 92 73 60 56 14 86 
14 51 77 42 23 63 88 77 7 93 93 23 64 33 94 
12 95 90 63 93 72 40 73 0 29 64 55 17 
14 33 63 22 7 37 64 67 48 77 25 71 68 87 3 
14 8 63 62 51 84 16 47 41 37 98 8 93 29 40 
17 18 96 38 92 95 64 64 41 33 91 37 98 3 3 79 25 59 
8 6 77 73 77 41 64 91 86 
13 34 77 85 94 24 30 98 62 18 24 61 64 15 
9 38 82 38 5 93 23 69 92 61 
5 93 6 87 73 5 
14 73 87 3 69 64 20 38 98 92 7 77 24 59 34 
14 30 28 52 82 28 93 62 42 18 21 73 10 3 95 
4 6 21 0 64 
9 95 21 10 74 42 7 95 35 95 
7 51 10 41 35 5 20 79 
10 86 63 55 91 77 84 63 21 24 91 
13 8 37 96 26 64 38 91 30 72 94 69 84 21 
17 25 38 35 61 79 62 64 77 38 38 3 3 86 64 98 24 32 
13 5 96 63 24 53 22 15 93 77 56 82 64 40 
7 36 63 64 21 3 98 4 
13 35 64 62 22 89 1 77 91 8 53 24 67 38 
14 85 41 24 77 35 24 36 17 29 4 64 19 10 94 
8 38 73 28 86 24 5 30 98 
7 77 4 68 4 98 24 3 
11 7 37 18 38 26 71 41 92 38 8 80 
10 77 93 62 62 84 21 8 64 3 58 
13 29 28 96 1 15 38 65 36 29 51 73 51 87 
10 84 5 58 93 21 92 15 74 16 4 
10 8 1 53 8 10 84 10 73 3 38 
4 64 77 41 63 
13 84 67 48 53 41 21 21 20 74 84 41 14 25 
13 28 8 92 4 18 77 0 28 94 92 72 79 87 
11 4 24 25 56 63 5 68 37 15 91 93 
14 74 15 29 40 64 31 18 77 21 92 84 20 15 87 
12 69 25 58 18 40 73 16 74 56 1 48 58 
11 29 10 92 25 73 38 86 24 5 30 98 
7 20 24 64 92 22 41 17 
10 27 41 41 94 14 63 29 86 94 15 
5 75 6 31 16 18 
8 38 5 21 62 24 55 34 23 
20 69 84 74 28 47 84 64 3 91 93 3 6 73 30 61 17 68 75 21 37 
5 8 10 38 75 58 
16 15 93 53 23 85 68 91 98 96 17 42 96 99 18 24 30 
10 3 48 8 41 51 73 62 61 68 64 
13 77 3 15 10 71 75 45 77 37 62 93 91 77 
10 59 63 34 62 71 48 58 15 8 38 
16 63 85 41 81 28 84 53 67 5 61 34 59 96 94 21 87 
7 1 8 93 3 64 8 94 
11 89 4 94 84 18 4 51 38 64 51 64 
11 13 22 52 82 28 93 62 44 5 33 3 
12 82 63 93 18 7 32 85 25 59 5 21 37 
12 75 24 30 93 38 95 58 4 92 56 24 3 
13 24 17 91 64 23 3 15 38 87 51 64 15 3 
6 84 84 61 12 10 37 
8 5 28 91 92 84 67 9 18 
15 53 4 73 8 3 92 17 29 29 84 18 61 77 98 8 
16 3 24 21 18 36 82 93 84 96 3 73 3 4 8 3 15 
7 25 81 36 21 93 61 62 
9 38 20 98 24 62 3 37 38 95 
11 87 84 18 17 3 21 52 4 38 42 93 
7 92 93 91 58 82 29 17 
8 4 77 1 22 2 63 18 41 
4 77 15 21 3 
8 36 25 67 62 37 28 17 52 
10 1 58 17 81 64 64 87 72 27 63 
10 3 8 74 77 38 93 61 92 58 25 
13 27 77 92 87 87 21 24 85 17 30 21 74 25 
6 24 75 27 61 63 37 
7 38 27 41 24 93 62 62 
9 92 72 79 10 23 3 70 30 87 
12 38 8 80 84 93 4 64 62 93 72 29 15 
6 23 5 24 24 30 51 
9 84 21 94 64 59 4 42 96 30 
13 64 27 52 18 94 15 74 84 25 26 36 87 94 
10 86 77 91 34 87 42 94 95 92 24 
4 8 27 25 30 
16 8 63 95 37 59 64 73 77 64 67 3 77 30 28 55 56 
11 25 23 93 38 3 18 64 38 78 25 64 
22 84 5 58 93 18 92 94 24 39 98 24 20 67 28 58 84 63 84 79 77 42 90 
7 94 75 99 63 3 84 87 
12 38 25 35 93 67 62 17 30 77 21 52 53 
7 93 72 73 28 93 58 64 
10 52 87 29 3 22 98 73 82 64 40 
5 93 62 61 24 3 
7 53 3 3 38 3 93 3 
12 93 95 59 20 77 74 84 38 51 3 3 18 
10 24 10 33 8 93 77 97 62 73 42 
12 18 40 73 16 64 51 18 98 24 4 53 64 
7 3 53 64 84 33 37 63 
8 93 30 27 4 25 27 82 3 
14 38 25 35 93 67 77 77 18 93 34 91 82 18 91 
10 87 77 91 84 24 18 18 17 91 10 
8 27 56 96 4 98 96 98 64 
17 62 91 34 87 41 24 94 18 61 10 23 24 72 38 92 81 92 
10 94 53 96 17 14 58 77 82 56 23 
9 63 19 98 38 38 91 47 62 29 
8 17 73 92 15 64 74 38 73 
8 93 38 73 28 41 24 9 38 
6 36 24 30 13 62 45 
4 80 63 4 15 
12 25 75 1 91 81 30 72 64 94 8 74 10 
8 1 24 30 17 95 6 61 86 
11 23 42 74 30 1 17 30 87 91 56 63 
14 42 3 58 92 32 15 5 59 87 87 91 17 85 73 
11 87 33 58 30 21 63 19 98 38 38 91 
10 8 77 91 82 64 18 6 56 92 64 
6 3 3 86 94 85 96 
3 93 77 10 
6 26 10 64 7 23 6 
12 96 52 93 93 37 58 8 25 64 56 55 94 
6 29 62 69 96 87 72 
6 79 28 62 92 91 4 
15 3 2 10 73 25 84 73 18 86 87 28 86 68 47 26 
9 7 73 20 92 24 38 15 25 53 
4 98 25 93 32 
6 62 19 25 96 87 98 
8 87 25 94 8 74 38 30 25 
12 8 91 79 71 92 44 33 94 41 95 5 77 
20 29 38 64 77 41 63 18 76 24 5 56 57 18 10 10 40 77 64 96 36 
15 36 96 93 92 81 29 30 86 38 96 98 3 70 37 24 
10 77 34 41 75 98 98 36 53 94 93 
6 17 84 18 71 77 30 
12 75 3 91 77 38 42 70 77 23 14 25 86 
7 77 81 92 62 15 94 38 
10 36 24 36 80 62 97 4 40 34 64 
14 61 73 5 32 37 24 14 21 31 84 21 62 28 54 
8 84 37 21 21 10 27 10 67 
7 90 64 39 3 35 98 25 
10 5 74 77 86 64 8 8 41 48 28 
5 87 73 64 24 86 
12 92 51 42 86 23 18 84 38 29 87 72 38 
6 97 77 51 39 38 62 
19 28 64 86 98 74 28 93 87 79 82 95 64 52 34 92 4 67 98 67 
7 41 8 41 15 64 24 16 
11 93 41 9 80 15 94 77 21 51 8 6 
8 7 35 3 61 37 62 15 81 
12 62 96 84 84 76 34 17 78 28 73 62 51 
8 87 5 21 16 84 72 74 95 
4 41 62 77 36 
8 24 92 10 17 19 87 1 15 
6 67 51 92 64 98 84 
5 53 29 85 95 3 
7 86 92 84 93 51 3 22 
14 51 41 84 29 35 37 30 8 38 18 95 7 30 75 
11 96 87 72 15 95 90 61 21 29 47 1 
5 77 21 80 1 52 
9 17 25 75 94 29 21 51 36 20 
14 15 41 41 82 64 23 3 3 3 16 24 7 26 20 
9 64 77 8 99 4 16 10 87 15 
3 98 91 56 
13 3 23 62 12 5 53 79 61 84 93 29 77 18 
15 98 62 98 81 1 71 52 40 29 25 55 5 21 67 94 
11 98 24 53 64 8 24 20 54 84 20 93 
12 67 91 37 63 28 38 29 96 72 5 25 12 
14 86 51 21 20 51 70 23 51 5 26 77 36 40 26 
13 9 77 18 93 40 85 84 98 98 21 51 30 24 
10 38 75 60 63 5 18 87 4 93 3 
13 24 79 18 77 21 1 93 92 93 38 41 63 5 
12 41 53 91 21 18 95 92 3 41 77 77 8 
11 56 41 67 10 15 93 21 53 4 4 23 
4 84 92 22 4 
9 23 79 8 52 53 73 25 68 38 
9 41 8 77 34 4 74 7 62 8 
5 98 98 64 52 14 
18 27 6 44 3 79 30 18 40 29 64 4 98 25 51 15 84 24 96 
6 93 64 15 21 90 15 
9 23 28 14 75 73 25 41 59 79 
6 91 37 24 21 24 6 
6 29 77 95 3 92 90 
15 21 20 30 3 64 3 20 77 28 18 53 77 95 3 3 
14 7 28 82 79 56 57 18 10 61 33 77 24 18 18 
6 28 21 18 84 53 64 
4 29 29 48 27 
14 23 37 58 85 51 29 87 39 3 94 62 93 64 93 
16 22 74 98 53 35 24 51 36 8 21 58 38 84 93 41 95 
14 58 67 23 21 3 92 59 93 59 74 77 79 41 79 
1 28 
11 10 24 57 98 24 92 15 28 24 23 97 
10 18 38 62 37 38 20 15 77 73 92 
9 72 73 3 98 28 86 77 4 6 
10 42 28 53 77 67 23 3 4 67 61 
7 87 87 28 30 15 34 68 
12 52 24 64 8 24 15 30 84 84 94 73 10 
12 21 18 35 38 95 37 28 34 8 24 75 61 
14 73 20 41 1 15 64 60 18 17 62 59 38 30 40 
7 29 87 98 38 82 38 33 
14 62 30 36 4 82 15 61 94 77 62 92 30 10 51 
4 64 77 64 67 
11 61 58 3 77 92 38 75 15 63 41 26 
8 28 59 63 3 25 24 41 91 
10 17 17 96 3 64 84 3 5 59 29 
4 58 17 59 27 
10 64 28 3 87 73 24 53 63 45 19 
11 3 61 37 63 30 10 21 32 54 71 80 
11 58 92 67 3 70 62 64 28 98 24 64 
12 18 21 62 71 91 77 62 85 29 17 25 62 
11 41 25 52 7 33 24 30 8 15 85 30 
8 32 3 23 75 85 15 21 64 
3 41 55 92 
12 64 23 3 3 3 16 24 7 26 20 63 64 
12 40 3 38 15 95 87 25 84 73 72 30 98 
5 59 98 22 41 17 
5 72 77 0 24 65 
9 81 58 30 95 23 75 92 92 51 
12 42 63 8 83 95 93 91 98 21 51 30 24 
11 73 89 92 87 31 56 10 40 59 72 93 
12 40 77 38 24 56 64 84 22 37 87 56 34 
8 93 77 5 93 76 28 64 40 
6 32 86 15 29 79 51 
6 15 21 3 34 75 98 
13 56 79 48 94 62 73 29 77 51 3 27 87 64 
12 67 9 64 5 17 17 21 77 34 77 21 24 
3 70 99 28 
18 87 52 18 8 63 98 75 53 77 67 56 8 71 64 94 18 24 62 
9 67 60 17 72 98 51 8 98 21 
12 79 12 64 28 75 21 93 41 28 37 93 52 
13 3 28 86 64 98 24 32 62 17 90 35 87 38 
9 24 77 28 24 0 38 21 15 64 
14 98 58 42 98 32 20 62 23 87 72 92 18 77 64 
13 18 79 17 87 20 63 77 29 4 99 33 93 84 
7 73 7 38 81 91 47 17 
11 62 91 24 20 62 3 18 92 73 60 87 
4 53 38 84 51 
13 64 25 15 20 51 15 3 30 61 76 38 73 92 
16 3 81 20 77 24 91 4 52 41 63 15 77 93 23 10 84 
9 27 84 93 62 8 21 73 27 98 
8 21 3 84 15 62 81 10 21 
9 98 84 25 63 68 62 64 56 84 
15 58 74 58 84 79 82 71 73 93 28 52 24 3 53 3 
11 3 28 86 64 98 24 32 98 38 81 8 
8 87 73 67 7 90 58 86 71 
8 3 20 94 4 64 28 42 34 
6 98 55 28 18 77 98 
12 42 5 72 77 84 12 90 74 40 38 15 87 
12 84 20 18 21 7 58 29 67 41 24 9 38 
5 91 93 73 3 29 
12 21 87 71 77 32 76 71 21 38 73 93 14 
11 58 10 38 62 17 38 16 42 15 38 62 
13 61 92 87 87 28 85 67 4 20 32 53 53 94 
11 37 24 14 21 5 18 10 15 4 87 21 
11 20 63 59 38 30 40 24 62 37 28 4 
10 24 23 3 44 10 93 1 21 98 98 
12 75 24 30 93 38 64 87 92 79 40 15 84 
12 86 36 91 64 10 41 28 15 3 82 91 3 
14 20 72 95 51 77 3 41 59 88 15 67 11 96 77 
13 7 37 18 38 87 37 98 77 48 98 5 18 10 
7 74 99 68 81 64 27 64 
18 91 10 69 36 20 63 93 63 30 15 3 10 73 37 63 91 61 38 
8 91 64 93 92 14 36 37 20 
11 92 4 64 91 94 28 79 51 53 84 47 
14 61 10 54 94 28 37 52 34 92 4 67 21 74 67 
18 85 37 53 1 8 93 84 4 73 1 98 84 6 15 18 21 56 15 
6 15 84 86 73 93 18 
7 69 93 63 75 15 56 64 
15 55 4 93 91 15 30 20 91 51 42 41 21 34 17 24 
6 3 17 87 90 92 38 
13 41 75 58 87 41 28 3 38 56 68 59 73 93 
7 48 14 37 71 74 17 4 
6 2 93 55 17 64 87 
16 59 38 30 40 21 24 51 48 15 18 3 93 95 35 18 93 
11 86 98 77 52 17 60 24 87 21 98 1 
10 18 24 38 93 41 9 80 41 91 23 
6 21 93 62 85 24 77 
14 84 72 21 20 62 25 20 63 93 95 87 24 61 23 
9 5 38 9 64 93 1 64 91 18 
14 63 38 21 3 92 3 64 67 38 3 91 28 36 37 
2 64 18 
14 3 53 8 64 53 84 62 27 77 3 3 64 93 94 
6 55 52 63 73 84 91 
13 24 70 93 15 79 3 82 24 18 74 56 93 22 
11 38 61 17 20 24 92 29 85 14 84 64 
11 73 3 18 87 3 21 37 32 3 4 40 
10 20 98 21 93 8 17 3 87 41 29 
7 36 7 30 36 64 87 6 
12 17 7 61 63 87 29 28 27 73 52 18 87 
6 96 35 92 94 25 8 
7 81 94 30 3 3 15 64 
10 30 69 75 29 71 92 3 91 15 30 
16 96 24 58 30 21 20 87 37 98 77 48 98 33 24 93 77 
6 95 93 21 91 18 15 
6 18 3 3 64 28 8 
13 86 29 56 63 56 18 42 93 58 92 77 95 28 
12 18 64 93 92 10 92 25 77 24 87 20 92 
13 28 3 93 79 56 10 73 41 21 64 77 3 69 
14 14 53 23 17 32 93 7 15 51 56 81 41 15 21 
4 14 18 41 98 
10 55 6 53 84 29 10 93 10 77 15 
12 6 49 3 34 64 41 4 21 72 74 87 90 
11 29 20 28 79 23 37 8 29 41 67 3 
10 4 52 63 86 29 68 67 10 34 37 
10 20 63 93 98 3 93 87 77 37 29 
11 77 81 92 62 15 94 73 5 32 96 10 
8 77 8 6 86 53 10 41 60 
9 29 18 4 72 64 29 62 69 3 

