13 37 33 9 54 33 22 75 89 8 41 1 12 82
9 17 9 72 87 90 9 4 33 13
18 89 67 2 85 9 33 43 77 10 16 89 72 18 33 89 55 9 20
8 33 64 6 71 46 24 40 12
10 14 48 15 24 22 56 24 40 82 9
7 89 37 86 94 33 9 49
7 96 36 16 71 33 16 69
15 0 67 8 33 37 5 95 85 90 16 56 29 62 21 18
8 37 22 78 83 73 83 71 43
11 2 94 29 48 33 33 18 82 18 46 61
9 15 71 73 46 70 27 14 26 14
11 51 9 91 17 46 37 82 93 42 2 52
16 56 67 7 65 56 65 24 8 44 56 76 46 33 16 89 37
9 63 51 73 73 89 22 22 40 24
12 82 93 8 89 9 46 89 56 52 83 20 24

